{'CN': {'MAE': 6.733471258524845,
  'R2': -0.013372960920869672,
  'MSE': 67.40348634473624,
  'RMSE': 8.187998737037606,
  'MAE_corrected': 0.8731698180278233,
  'R2_corrected': 0.981955257218454,
  'MSE_corrected': 1.1733191559647755,
  'RMSE_corrected': 1.0728715272180618},
 'AD': {'MAE': 9.06116899740463,
  'R2': -1.4059939210590795,
  'MSE': 109.9553383036879,
  'RMSE': 10.443288701334055,
  'MAE_corrected': 1.1301319365733722,
  'R2_corrected': 0.9554878747784419,
  'MSE_corrected': 2.0116821264140845,
  'RMSE_corrected': 1.403159708803221},
 'FTD': {'MAE': 6.864064601534872,
  'R2': -0.624312167333524,
  'MSE': 72.09276346152073,
  'RMSE': 8.18652960420181,
  'MAE_corrected': 1.079420343305702,
  'R2_corrected': 0.9423030830582069,
  'MSE_corrected': 2.085753286444713,
  'RMSE_corrected': 1.3477653946920196},
 'MCI': {'MAE': 6.842108911071207,
  'R2': -0.05871097359165537,
  'MSE': 70.36179386702185,
  'RMSE': 8.313231961318758,
  'MAE_corrected': 0.7716998638493225,
  'R2_corrected': 0.9836523300426266,
  'MSE_corrected': 1.0021969680888494,
  'RMSE_corrected': 0.9831270193335349}}